##FastQC	0.12.1
>>Basic Statistics	pass
#Measure	Value
Filename	ERR6913102_2.fastq.gz
File type	Conventional base calls
Encoding	Sanger / Illumina 1.9
Total Sequences	51262
Total Bases	6.5 Mbp
Sequences flagged as poor quality	0
Sequence length	35-151
%GC	49
>>END_MODULE
>>Per base sequence quality	pass
#Base	Mean	Median	Lower Quartile	Upper Quartile	10th Percentile	90th Percentile
1	36.38264211306621	37.0	37.0	37.0	37.0	37.0
2	36.59307089071827	37.0	37.0	37.0	37.0	37.0
3	36.59383168819008	37.0	37.0	37.0	37.0	37.0
4	36.59740158401935	37.0	37.0	37.0	37.0	37.0
5	36.59334399750303	37.0	37.0	37.0	37.0	37.0
6	36.6062970621513	37.0	37.0	37.0	37.0	37.0
7	36.58105419218914	37.0	37.0	37.0	37.0	37.0
8	36.60278568920448	37.0	37.0	37.0	37.0	37.0
9	36.544848035581914	37.0	37.0	37.0	37.0	37.0
10-14	36.59092895322071	37.0	37.0	37.0	37.0	37.0
15-19	36.57430845460575	37.0	37.0	37.0	37.0	37.0
20-24	36.55787132768913	37.0	37.0	37.0	37.0	37.0
25-29	36.54796925597908	37.0	37.0	37.0	37.0	37.0
30-34	36.52651476727401	37.0	37.0	37.0	37.0	37.0
35-39	36.51542788067424	37.0	37.0	37.0	37.0	37.0
40-44	36.504956870113745	37.0	37.0	37.0	37.0	37.0
45-49	36.498298423868086	37.0	37.0	37.0	37.0	37.0
50-54	36.484465319759195	37.0	37.0	37.0	37.0	37.0
55-59	36.46611032843758	37.0	37.0	37.0	37.0	37.0
60-64	36.46195647779674	37.0	37.0	37.0	37.0	37.0
65-69	36.451503051149146	37.0	37.0	37.0	37.0	37.0
70-74	36.42642732926779	37.0	37.0	37.0	37.0	37.0
75-79	36.41185047167231	37.0	37.0	37.0	37.0	37.0
80-84	36.340883216270846	37.0	37.0	37.0	37.0	37.0
85-89	36.394529827340534	37.0	37.0	37.0	37.0	37.0
90-94	36.3872395657191	37.0	37.0	37.0	37.0	37.0
95-99	36.35778012786609	37.0	37.0	37.0	37.0	37.0
100-104	36.32979765669313	37.0	37.0	37.0	37.0	37.0
105-109	36.3171901499888	37.0	37.0	37.0	37.0	37.0
110-114	36.29127504827328	37.0	37.0	37.0	37.0	37.0
115-119	36.26914065714645	37.0	37.0	37.0	37.0	37.0
120-124	36.23612764348639	37.0	37.0	37.0	37.0	37.0
125-129	36.237590451370856	37.0	37.0	37.0	37.0	37.0
130-134	36.201274861628086	37.0	37.0	37.0	37.0	37.0
135-139	36.18445270571742	37.0	37.0	37.0	37.0	37.0
140-144	36.10967987601784	37.0	37.0	37.0	37.0	37.0
145-149	36.10554348138321	37.0	37.0	37.0	37.0	37.0
150-151	35.91971502250834	37.0	37.0	37.0	37.0	37.0
>>END_MODULE
>>Per sequence quality scores	pass
#Quality	Count
26	2.0
27	1.0
28	2.0
29	5.0
30	37.0
31	178.0
32	376.0
33	673.0
34	1425.0
35	5020.0
36	34604.0
37	8939.0
>>END_MODULE
>>Per base sequence content	warn
#Base	G	A	T	C
1	22.791060798282427	27.289938518590805	21.385771445301064	28.5332292378257
2	24.60106901798603	25.726659123717372	26.540127189731184	23.13214466856541
3	22.996624456108172	26.74094164016312	25.60925640475308	24.65317749897563
4	24.312356131247316	25.549139713628026	25.52768132339745	24.610822831727205
5	24.470367913854318	26.023175061449027	25.213608520931686	24.292848503764972
6	24.01974171901213	25.51987827240451	25.82809878662557	24.632281221957786
7	25.055596738324688	25.984159806484335	25.170691740470524	23.789551714720456
8	23.76029027349694	24.80199758105419	26.834692364714602	24.603019780734268
9	23.69786586555343	24.74152393585892	26.60255159767469	24.958058600912956
10-14	24.652665337541794	25.19966134626564	25.58435326110281	24.563320055089754
15-19	24.745912160712265	25.224241052791747	25.45560241739463	24.574244369101358
20-24	24.816823377940775	25.18005540166205	25.58152237524872	24.421598845148456
25-29	24.684171511060825	25.298271624205064	25.424681050290665	24.592875814443445
30-34	24.798189656854138	25.306178186145413	25.267552330231556	24.62807982676889
35-39	24.782591725214676	25.318110850897735	25.33177205308353	24.56752537080406
40-44	24.90476097446617	25.21187020141833	25.352921640260224	24.530447183855276
45-49	24.76089100386644	25.363555249440385	25.338509462611334	24.537044284081837
50-54	24.848530035002902	25.215825079659076	25.4124221067667	24.523222778571316
55-59	24.748246789063117	25.44716728390198	25.210779292411946	24.59380663462296
60-64	24.72548592260902	25.409046779338627	25.243010837906915	24.622456460145433
65-69	24.790568909520175	25.450521530355026	25.28713132338078	24.471778236744022
70-74	24.779168534696893	25.405614995940823	25.340183450665826	24.475033018696458
75-79	24.660486997287173	25.491545982805107	25.316154835960102	24.53181218394761
80-84	24.96195397685464	25.406799785938862	25.2466720181952	24.384574219011306
85-89	24.6105985656334	25.383410643068654	25.47712373551512	24.528867055782825
90-94	24.772802434023415	25.608836563264763	25.09248848027868	24.525872522433144
95-99	24.73210654505408	25.444508926735427	25.25806879092658	24.565315737283914
100-104	24.749765144037042	25.26096431619958	25.322003023323465	24.667267516439917
105-109	25.001501471442012	25.227723168705328	25.33632960301095	24.434445756841704
110-114	25.054451294437797	25.302844124270248	25.236922460301976	24.405782120989986
115-119	24.86829708832039	25.55008612952319	25.034981408287386	24.546635373869027
120-124	24.991266142832615	25.35542357726947	25.18607556710859	24.467234712789327
125-129	24.800379326695115	25.524893314367	25.210052157420577	24.46467520151731
130-134	24.84764768018201	25.27558841851521	25.330435253649686	24.546328647653098
135-139	25.09331560762887	25.422020292035853	25.115959708110243	24.368704392225037
140-144	25.03434553981714	25.65967123028092	25.049347039967156	24.25663618993478
145-149	25.14428892344911	25.204769310523588	24.991359944703646	24.659581821323656
150-151	26.29649193673679	13.45120094459808	29.919522729391296	30.332784389273844
>>END_MODULE
>>Per sequence GC content	pass
#GC Content	Count
0	0.0
1	0.0
2	0.0
3	0.0
4	0.0
5	0.0
6	0.0
7	0.0
8	0.0
9	0.0
10	0.0
11	0.5
12	2.0
13	3.5
14	5.0
15	8.5
16	15.0
17	17.0
18	19.5
19	33.5
20	55.5
21	79.5
22	108.0
23	136.0
24	148.0
25	178.5
26	253.0
27	317.5
28	379.0
29	458.0
30	544.0
31	603.0
32	673.0
33	751.0
34	838.0
35	930.5
36	1004.5
37	1103.0
38	1208.5
39	1276.0
40	1337.0
41	1414.0
42	1483.5
43	1534.0
44	1561.0
45	1614.0
46	1597.5
47	1586.0
48	1606.5
49	1574.0
50	1555.0
51	1545.5
52	1519.5
53	1500.5
54	1535.0
55	1510.5
56	1498.5
57	1521.5
58	1494.0
59	1449.0
60	1379.0
61	1304.0
62	1235.0
63	1174.5
64	1059.0
65	943.5
66	866.0
67	783.5
68	670.5
69	530.0
70	453.0
71	394.0
72	315.5
73	234.5
74	171.5
75	141.0
76	98.0
77	66.0
78	44.0
79	27.5
80	14.5
81	5.5
82	5.0
83	3.5
84	1.0
85	0.0
86	0.0
87	0.5
88	0.5
89	0.0
90	0.0
91	0.0
92	0.0
93	0.0
94	0.0
95	0.0
96	0.0
97	0.0
98	0.0
99	0.0
100	0.0
>>END_MODULE
>>Per base N content	pass
#Base	N-Count
1	0.05267059420233311
2	0.0
3	0.021458390230580156
4	0.0
5	0.0
6	0.0
7	0.0
8	0.0
9	0.0
10-14	3.901525496469119E-4
15-19	3.901525496469119E-4
20-24	0.0
25-29	0.0
30-34	0.0019507627482345598
35-39	0.002341865530081263
40-44	0.0031256959557401454
45-49	3.9133888773661325E-4
50-54	7.848123121355528E-4
55-59	7.879537628731946E-4
60-64	0.0
65-69	0.0011984468129304423
70-74	8.077903299419602E-4
75-79	8.195780812037964E-4
80-84	0.14278199443901707
85-89	0.0012837245127195703
90-94	0.004409268281928613
95-99	0.0027416915322857026
100-104	0.0019074232142942298
105-109	0.0010009709418135591
110-114	5.273705305347537E-4
115-119	0.001114932853168918
120-124	0.003552629241691289
125-129	0.0050574334789452715
130-134	0.0027084123286929204
135-139	0.0014608883662154955
140-144	0.0015790803436078829
145-149	8.639980646443352E-4
150-151	0.0
>>END_MODULE
>>Sequence Length Distribution	warn
#Length	Count
35-39	51.0
40-44	67.0
45-49	107.0
50-54	187.0
55-59	258.0
60-64	333.0
65-69	501.0
70-74	644.0
75-79	799.0
80-84	1076.0
85-89	1325.0
90-94	1446.0
95-99	1779.0
100-104	1936.0
105-109	2020.0
110-114	2024.0
115-119	2063.0
120-124	2209.0
125-129	2019.0
130-134	2178.0
135-139	2105.0
140-144	2053.0
145-149	4160.0
150-152	19922.0
>>END_MODULE
>>Sequence Duplication Levels	pass
#Total Deduplicated Percentage	91.6175724708361
#Duplication Level	Percentage of total
1	83.94522258202957
2	14.084507042253522
3	1.6679021497405486
4	0.2809098357457766
5	0.009753813741172799
6	0.011704576489407358
7	0.0
8	0.0
9	0.0
>10	0.0
>50	0.0
>100	0.0
>500	0.0
>1k	0.0
>5k	0.0
>10k+	0.0
>>END_MODULE
>>Overrepresented sequences	pass
>>END_MODULE
>>Adapter Content	pass
#Position	Illumina Universal Adapter	Illumina Small RNA 3' Adapter	Illumina Small RNA 5' Adapter	Nextera Transposase Sequence	PolyA	PolyG
1	0.0	0.0	0.0	0.0	0.0	0.0
2	0.0	0.0	0.0	0.0	0.0	0.0
3	0.0	0.0	0.0	0.0	0.0	0.0
4	0.0	0.0	0.0	0.0	0.0	0.0
5	0.0	0.0	0.0	0.0	0.0	0.0
6	0.0	0.0	0.0	0.0	0.0	0.0
7	0.0	0.0	0.0	0.0	0.0	0.0
8	0.0	0.0	0.0	0.0	0.0	0.0
9	0.0	0.0	0.0	0.0	0.0	0.0
10-14	0.0	0.0	0.0	0.0	0.0015606101985876479	0.0
15-19	0.0	0.0	0.0	0.0	0.0035113729468222075	0.0
20-24	0.0	0.0	0.0	0.0	0.005852288244703679	0.0
25-29	0.0	0.0	0.0	0.0	0.005852288244703679	0.0
30-34	0.0	0.0	0.0	0.0	0.005852288244703679	0.0
35-39	0.0	0.0	0.0	0.0	0.005852288244703679	0.0
40-44	0.0	0.0	0.0	0.0	0.005852288244703679	0.0
45-49	0.0	0.0	0.0	0.0	0.005852288244703679	0.0
50-54	0.0	0.0	0.0	0.0	0.005852288244703679	0.0
55-59	0.0	0.0	0.0	0.0	0.005852288244703679	0.0
60-64	3.9015254964691197E-4	0.0	0.0	0.0	0.005852288244703679	0.0
65-69	0.0019507627482345598	0.0	0.0	0.0	0.005852288244703679	0.0
70-74	0.0019507627482345598	0.0	0.0	0.0	0.005852288244703679	0.0
75-79	0.0019507627482345598	0.0	0.0	0.0	0.005852288244703679	0.0
80-84	0.0019507627482345598	0.0	0.0	0.0	0.005852288244703679	0.0
85-89	0.0019507627482345598	0.0	0.0	0.0	0.005852288244703679	0.0
90-94	0.0019507627482345598	0.0	0.0	0.0	0.005852288244703679	0.0
95-99	0.0019507627482345598	0.0	0.0	0.0	0.005852288244703679	0.0
100-104	0.0019507627482345598	0.0	0.0	0.0	0.005852288244703679	0.0
105-109	0.0035113729468222075	0.0	0.0	0.0	0.005852288244703679	0.0
110-114	0.0039015254964691196	0.0	0.0	0.0	0.005852288244703679	0.0
115-119	0.005071983145409855	0.0	0.0	0.0	0.005852288244703679	0.0
120-124	0.0062424407943505915	0.0	0.0	0.0	0.005852288244703679	0.0
125-129	0.007803050992938239	0.0	0.0	0.0	0.005852288244703679	0.0
130-134	0.007803050992938239	0.0	0.0	0.0	0.005852288244703679	0.0
135-139	0.010534118840466622	0.0	0.0	0.0	0.005852288244703679	0.0019507627482345598
140	0.011704576489407358	0.0	0.0	0.0	0.005852288244703679	0.0019507627482345598
>>END_MODULE
